29,1
29,3
10,116
10,256
10,72
10,226
10,300
10,68
10,78
10,222
11,4
11,12
11,16
11,18
11,28
11,20
9,4
9,6
8,6
8,8
52,3
52,2
52,1
52,0
51,3
51,2
51,1
51,0
50,4
50,3
50,2
50,1
50,0
49,5
49,4
49,3
49,2
49,1
49,0
48,4
48,3
48,2
48,1
48,0
46,5
46,4
46,3
46,2
46,1
46,0
43,5
43,4
43,3
43,2
43,1
43,0
41,5
41,4
41,3
41,2
41,1
41,0
32,5
32,1
20,3
20,2
20,1
19,3
19,2
19,1
12,3
12,2
12,1
11,27
11,21
11,13
11,11
11,7
11,5
11,3
11,2
11,1
10,305
10,245
18,1
10,241
18,3
10,219
10,187
10,171
10,133
10,75
10,3
14,1
10,2
14,3
10,1
9,7
13,1
9,5
13,3
9,3
9,2
9,1
8,18
